# Set of stations usually used for HSOFS. From the file CERA_NOAA_HSOFS_stations_V3.csv
2695540
8410140
8411060
8413320
8418150
8419317
8423898
8443970
8447386
8447435
8447930
8449130
8452660
8452944
8454000
8454049
8461490
8465705
8467150
8510560
8516945
8518750
8518962
8519483
8531680
8534720
8536110
8537121
8539094
8540433
8545240
8548989
8551762
8551910
8555889
8557380
8570283
8571421
8571892
8573364
8573927
8574680
8575512
8577330
8594900
8631044
8632200
8635027
8635750
8636580
8637689
8638610
8638901
8639348
8651370
8652587
8654467
8656483
8658120
8658163
8661070
8662245
8665530
8670870
8720030
8720218
8720219
8720226
8720357
8720625
8721604
8722670
8722956
8723214
8723970
8724580
8725110
8725520
8726384
8726520
8726607
8726667
8726724
8727520
8728690
8729108
8729210
8729840
8732828
8735180
8735391
8735523
8736897
8737048
8737138
8738043
8739803
8740166
8741041
8741533
8747437
8760721
8760922
8761305
8761724
8761927
8761955
8762075
8762482
8762483
8764044
8764227
8764314
8766072
8767816
8767961
8768094
8770570
8770613
8770822
8771013
8771450
8772447
8772471
8773767
8774770
8775241
8775870
8779748
8779770
9751364
9751381
9751401
9751639
9752235
9752695
9755371
9759110
9759394
9759938
9761115
